ncolors=2
connections=[1, 2, 5]
itercount=1024 (~0.14 seconds)
p=2
(4, 4) (0, 1)
p=3
(3, 6) (0, 0, 1)
p=4
(2, 6) (0, 0, 0, 1)
(4, 4) (0, 0, 1, 1)
p=5
(1, 4) (0, 0, 0, 0, 1)
(2, 3) (0, 0, 0, 1, 1)
(2, 3) (0, 0, 1, 0, 1)
p=8
(3, 3) (0, 0, 0, 0, 1, 1, 1, 1)
(3, 3) (0, 0, 1, 0, 1, 1, 0, 1)
p=9
(2, 4) (0, 0, 0, 0, 0, 0, 1, 1, 1)
(2, 4) (0, 0, 0, 0, 1, 0, 1, 0, 1)
(2, 4) (0, 0, 0, 1, 0, 0, 0, 1, 1)
B/C Table (6x6)
* 1 2 3 4 5 6 
1 - - - - - - 
2 - - - - - - 
3 - 2 2 - - - 
4 1 3 - 2 - - 
5 - - - - - - 
6 - 1 1 - - - 
total=12
