ncolors=2
connections=[1, 2, 10]
itercount=1048576 (~142.18 seconds)
p=2
(2, 2) (0, 1)
p=3
(3, 6) (0, 0, 1)
p=4
(5, 5) (0, 0, 1, 1)
p=5
(1, 4) (0, 0, 0, 0, 1)
(2, 3) (0, 0, 0, 1, 1)
(2, 3) (0, 0, 1, 0, 1)
p=7
(1, 6) (0, 0, 0, 0, 0, 0, 1)
(2, 5) (0, 0, 0, 0, 0, 1, 1)
(2, 5) (0, 0, 0, 0, 1, 0, 1)
(3, 4) (0, 0, 0, 0, 1, 1, 1)
(2, 5) (0, 0, 0, 1, 0, 0, 1)
(3, 4) (0, 0, 0, 1, 0, 1, 1)
(3, 4) (0, 0, 1, 0, 0, 1, 1)
(3, 4) (0, 0, 1, 0, 1, 0, 1)
B/C Table (6x6)
* 1 2 3 4 5 6 
1 - - - - - - 
2 - 1 - - - - 
3 - 2 - - - - 
4 1 - 4 - - - 
5 - 3 - - 1 - 
6 1 - 1 - - - 
total=14
