ncolors=2
connections=[1, 2, 4]
itercount=256 (~0.03 seconds)
p=2
(2, 2) (0, 1)
p=3
(3, 6) (0, 0, 1)
p=4
(3, 3) (0, 0, 1, 1)
p=7
(1, 6) (0, 0, 0, 0, 0, 0, 1)
(2, 5) (0, 0, 0, 0, 0, 1, 1)
(2, 5) (0, 0, 0, 0, 1, 0, 1)
(3, 4) (0, 0, 0, 0, 1, 1, 1)
(2, 5) (0, 0, 0, 1, 0, 0, 1)
(3, 4) (0, 0, 0, 1, 0, 1, 1)
(3, 4) (0, 0, 1, 0, 0, 1, 1)
(3, 4) (0, 0, 1, 0, 1, 0, 1)
p=9
(2, 4) (0, 0, 0, 0, 0, 0, 1, 1, 1)
(2, 4) (0, 0, 0, 0, 1, 0, 1, 0, 1)
(2, 4) (0, 0, 0, 1, 0, 0, 0, 1, 1)
B/C Table (6x6)
* 1 2 3 4 5 6 
1 - - - - - - 
2 - 1 - - - - 
3 - - 1 - - - 
4 - 3 4 - - - 
5 - 3 - - - - 
6 1 - 1 - - - 
total=14
ncolors=2
connections=[1, 2, 4]
itercount=256 (~0.03 seconds)
p=2
(2, 2) (0, 1)
p=3
(3, 6) (0, 0, 1)
p=4
(3, 3) (0, 0, 1, 1)
p=7
(1, 6) (0, 0, 0, 0, 0, 0, 1)
(2, 5) (0, 0, 0, 0, 0, 1, 1)
(2, 5) (0, 0, 0, 0, 1, 0, 1)
(3, 4) (0, 0, 0, 0, 1, 1, 1)
(2, 5) (0, 0, 0, 1, 0, 0, 1)
(3, 4) (0, 0, 0, 1, 0, 1, 1)
(3, 4) (0, 0, 1, 0, 0, 1, 1)
(3, 4) (0, 0, 1, 0, 1, 0, 1)
p=9
(2, 4) (0, 0, 0, 0, 0, 0, 1, 1, 1)
(2, 4) (0, 0, 0, 0, 1, 0, 1, 0, 1)
(2, 4) (0, 0, 0, 1, 0, 0, 0, 1, 1)
B/C Table (6x6)
* 1 2 3 4 5 6 
1 - - - - - - 
2 - 1 - - - - 
3 - - 1 - - - 
4 - 3 4 - - - 
5 - 3 - - - - 
6 1 - 1 - - - 
total=14
