ncolors=3
connections=[1, 2, 4]
itercount=6561 (~0.89 seconds)
p=3
(0, 1, 2)
*  0  1  2  
0  0  3  3  
1  3  0  3  
2  3  3  0  
p=4
(0, 1, 0, 2)
*  0  1  2  
0  4  1  1  
1  2  2  2  
2  2  2  2  
p=5
(0, 0, 1, 2, 1)
*  0  1  2  
0  2  3  1  
1  3  1  2  
2  2  4  0  
p=6
(0, 0, 1, 2, 2, 1)
*  0  1  2  
0  1  3  2  
1  3  0  3  
2  2  3  1  
p=7
(0, 0, 0, 0, 0, 1, 2)
*  0  1  2  
0  4  1  1  
1  5  0  1  
2  5  1  0  
(0, 0, 0, 0, 1, 0, 2)
*  0  1  2  
0  4  1  1  
1  5  0  1  
2  5  1  0  
(0, 0, 0, 0, 1, 1, 2)
*  0  1  2  
0  3  2  1  
1  4  1  1  
2  4  2  0  
(0, 0, 0, 0, 1, 2, 1)
*  0  1  2  
0  3  2  1  
1  4  1  1  
2  4  2  0  
(0, 0, 0, 1, 0, 0, 2)
*  0  1  2  
0  4  1  1  
1  5  0  1  
2  5  1  0  
(0, 0, 0, 1, 0, 1, 2)
*  0  1  2  
0  3  2  1  
1  4  1  1  
2  4  2  0  
(0, 0, 0, 1, 0, 2, 1)
*  0  1  2  
0  3  2  1  
1  4  1  1  
2  4  2  0  
(0, 0, 0, 1, 0, 2, 2)
*  0  1  2  
0  3  1  2  
1  4  0  2  
2  4  1  1  
(0, 0, 0, 1, 1, 1, 2)
*  0  1  2  
0  2  3  1  
1  3  2  1  
2  3  3  0  
(0, 0, 0, 1, 1, 2, 1)
*  0  1  2  
0  2  3  1  
1  3  2  1  
2  3  3  0  
(0, 0, 0, 1, 1, 2, 2)
*  0  1  2  
0  2  2  2  
1  3  1  2  
2  3  2  1  
(0, 0, 0, 1, 2, 1, 2)
*  0  1  2  
0  2  2  2  
1  3  1  2  
2  3  2  1  
(0, 0, 0, 1, 2, 2, 1)
*  0  1  2  
0  2  2  2  
1  3  1  2  
2  3  2  1  
(0, 0, 1, 0, 0, 1, 2)
*  0  1  2  
0  3  2  1  
1  4  1  1  
2  4  2  0  
(0, 0, 1, 0, 0, 2, 2)
*  0  1  2  
0  3  1  2  
1  4  0  2  
2  4  1  1  
(0, 0, 1, 0, 1, 0, 2)
*  0  1  2  
0  3  2  1  
1  4  1  1  
2  4  2  0  
(0, 0, 1, 0, 1, 1, 2)
*  0  1  2  
0  2  3  1  
1  3  2  1  
2  3  3  0  
(0, 0, 1, 0, 1, 2, 1)
*  0  1  2  
0  2  3  1  
1  3  2  1  
2  3  3  0  
(0, 0, 1, 0, 1, 2, 2)
*  0  1  2  
0  2  2  2  
1  3  1  2  
2  3  2  1  
(0, 0, 1, 0, 2, 0, 1)
*  0  1  2  
0  3  2  1  
1  4  1  1  
2  4  2  0  
(0, 0, 1, 0, 2, 1, 1)
*  0  1  2  
0  2  3  1  
1  3  2  1  
2  3  3  0  
(0, 0, 1, 0, 2, 1, 2)
*  0  1  2  
0  2  2  2  
1  3  1  2  
2  3  2  1  
(0, 0, 1, 0, 2, 2, 1)
*  0  1  2  
0  2  2  2  
1  3  1  2  
2  3  2  1  
(0, 0, 1, 1, 0, 2, 1)
*  0  1  2  
0  2  3  1  
1  3  2  1  
2  3  3  0  
(0, 0, 1, 1, 0, 2, 2)
*  0  1  2  
0  2  2  2  
1  3  1  2  
2  3  2  1  
(0, 0, 1, 2, 0, 1, 2)
*  0  1  2  
0  2  2  2  
1  3  1  2  
2  3  2  1  
(0, 0, 1, 2, 0, 2, 1)
*  0  1  2  
0  2  2  2  
1  3  1  2  
2  3  2  1  
(0, 0, 1, 2, 1, 2, 1)
*  0  1  2  
0  1  3  2  
1  2  2  2  
2  2  3  1  
(0, 1, 0, 1, 0, 1, 2)
*  0  1  2  
0  2  3  1  
1  3  2  1  
2  3  3  0  
(0, 1, 0, 1, 2, 0, 2)
*  0  1  2  
0  2  2  2  
1  3  1  2  
2  3  2  1  
(0, 1, 0, 2, 0, 1, 2)
*  0  1  2  
0  2  2  2  
1  3  1  2  
2  3  2  1  
p=9
(0, 0, 0, 1, 1, 1, 2, 2, 2)
*  0  1  2  
0  2  2  2  
1  2  2  2  
2  2  2  2  
(0, 0, 0, 1, 1, 2, 2, 2, 1)
*  0  1  2  
0  2  2  2  
1  2  2  2  
2  2  2  2  
(0, 0, 0, 1, 2, 1, 2, 1, 2)
*  0  1  2  
0  2  2  2  
1  2  2  2  
2  2  2  2  
(0, 0, 1, 0, 0, 1, 0, 0, 2)
*  0  1  2  
0  3  2  1  
1  6  0  0  
2  6  0  0  
(0, 0, 1, 0, 0, 1, 2, 2, 1)
*  0  1  2  
0  2  3  1  
1  4  0  2  
2  2  3  1  
(0, 0, 1, 0, 2, 1, 2, 0, 1)
*  0  1  2  
0  2  3  1  
1  4  0  2  
2  2  3  1  
(0, 0, 1, 1, 2, 0, 2, 1, 2)
*  0  1  2  
0  2  2  2  
1  2  2  2  
2  2  2  2  
(0, 0, 1, 2, 0, 1, 0, 2, 1)
*  0  1  2  
0  2  3  1  
1  4  0  2  
2  2  3  1  
(0, 0, 1, 2, 2, 0, 1, 1, 2)
*  0  1  2  
0  2  2  2  
1  2  2  2  
2  2  2  2  
(0, 1, 0, 1, 2, 1, 2, 0, 2)
*  0  1  2  
0  2  2  2  
1  2  2  2  
2  2  2  2  
total=45
