ncolors=2
connections=[1, 2, 3]
itercount=64 (~0.01 seconds)
p=2
(4, 4) (0, 1)
p=3
(2, 4) (0, 0, 1)
p=4
(2, 6) (0, 0, 0, 1)
(4, 4) (0, 0, 1, 1)
p=6
(4, 4) (0, 0, 0, 1, 1, 1)
p=7
(1, 6) (0, 0, 0, 0, 0, 0, 1)
(2, 5) (0, 0, 0, 0, 0, 1, 1)
(2, 5) (0, 0, 0, 0, 1, 0, 1)
(3, 4) (0, 0, 0, 0, 1, 1, 1)
(2, 5) (0, 0, 0, 1, 0, 0, 1)
(3, 4) (0, 0, 0, 1, 0, 1, 1)
(3, 4) (0, 0, 1, 0, 0, 1, 1)
(3, 4) (0, 0, 1, 0, 1, 0, 1)
p=8
(3, 3) (0, 0, 0, 0, 1, 1, 1, 1)
(3, 3) (0, 0, 1, 0, 1, 1, 0, 1)
B/C Table (6x6)
* 1 2 3 4 5 6 
1 - - - - - - 
2 - - - - - - 
3 - - 2 - - - 
4 - 1 4 3 - - 
5 - 3 - - - - 
6 1 1 - - - - 
total=15
